Link Id, Lane Id, Travel Dir, Vehicle Id, Actuation Time On (s), Actuation Time Off (s), Vehicle Type Id, Vehicle Length (ft), FHWA Class, Speed (mi/h),Gap (ft), Headway (s), Queue Status, Downstream Turn Dir
45,1,EB,2,558.9,559.1,2,16.7,2,65.55,-1.000,0.000,NotInQueue,Through
45,1,EB,12,603.9,604.1,3,16.22,2,63.83,4309.366,45.000,NotInQueue,Through
45,1,EB,1,736.4,737.2,13,68.5,9,57.53,12384.640,132.500,NotInQueue,Through
45,1,EB,5,738.4,738.6,8,14.78,2,57.53,102.742,2.000,NotInQueue,Through
45,1,EB,6,739.9,740.6,12,55,8,57.53,112.747,1.500,NotInQueue,Through
45,1,EB,8,757,757.8,13,68.5,9,57.53,1383.676,17.100,NotInQueue,Through
45,1,EB,10,759.1,759.9,13,68.5,9,57.53,112.711,2.100,NotInQueue,Through
45,1,EB,14,761.1,761.4,7,19.31,3,57.53,102.742,2.000,NotInQueue,Through
45,1,EB,16,762.6,762.8,5,18.98,3,57.53,102.733,1.500,NotInQueue,Through
45,1,EB,18,764,764.2,4,16.4,3,57.53,102.735,1.400,NotInQueue,Through
45,1,EB,20,765.4,765.6,3,16.22,2,57.53,102.764,1.400,NotInQueue,Through
45,1,EB,23,766.8,767,3,16.22,2,57.53,102.749,1.400,NotInQueue,Through
45,1,EB,25,768.3,768.5,6,16.94,2,57.53,102.749,1.500,NotInQueue,Through
45,1,EB,34,769.7,769.9,3,16.22,2,57.53,102.751,1.400,NotInQueue,Through
45,1,EB,32,771.1,771.3,10,15.53,2,57.53,102.753,1.400,NotInQueue,Through
45,1,EB,35,772.5,772.7,4,16.4,3,57.53,102.747,1.400,NotInQueue,Through
45,1,EB,26,774,774.8,13,68.5,9,57.53,112.909,1.500,NotInQueue,Through
45,1,EB,58,776,776.2,10,15.53,2,57.53,102.875,2.000,NotInQueue,Through
45,1,EB,28,777.5,777.7,5,18.98,3,57.53,102.872,1.500,NotInQueue,Through
45,1,EB,30,778.9,779.1,7,19.31,3,57.53,102.876,1.400,NotInQueue,Through
45,1,EB,38,780.3,780.5,3,16.22,2,57.53,102.878,1.400,NotInQueue,Through
45,1,EB,39,781.8,781.9,3,16.22,2,57.53,102.874,1.500,NotInQueue,Through
45,1,EB,72,783.2,783.4,3,16.22,2,57.53,102.874,1.400,NotInQueue,Through
45,1,EB,41,784.7,785.5,13,68.5,9,57.53,112.874,1.500,NotInQueue,Through
45,1,EB,64,786.7,787,7,19.31,3,57.52,102.856,2.000,NotInQueue,Through
45,1,EB,43,788.2,788.4,7,19.31,3,57.46,102.694,1.500,NotInQueue,Through
45,1,EB,45,789.7,790.4,12,55,8,57.44,112.635,1.500,NotInQueue,Through
45,1,EB,67,791.6,791.8,5,18.98,3,57.43,102.648,1.900,NotInQueue,Through
45,1,EB,48,796.8,797,3,16.22,2,59.28,416.001,5.200,NotInQueue,Through
45,1,EB,50,798.2,798.4,7,19.31,3,59.28,105.573,1.400,NotInQueue,Through
45,1,EB,52,799.6,799.8,7,19.31,3,59.28,105.737,1.400,NotInQueue,Through
45,1,EB,55,824.8,825,5,18.98,3,58.13,2172.182,25.200,NotInQueue,Through
45,1,EB,57,826.3,826.6,11,29,5,58.13,107.879,1.500,NotInQueue,Through
45,1,EB,61,827.9,828,10,15.53,2,58.13,103.856,1.600,NotInQueue,Through
45,1,EB,63,829.3,829.4,9,15.57,2,58.13,103.857,1.400,NotInQueue,Through
45,1,EB,68,830.7,830.8,1,14.57,2,58.13,103.856,1.400,NotInQueue,Through
45,1,EB,105,832,832.2,10,15.53,2,58.13,103.856,1.300,NotInQueue,Through
45,1,EB,107,833.4,833.7,7,19.31,3,58.13,103.857,1.400,NotInQueue,Through
45,1,EB,85,834.9,835.1,5,18.98,3,58.13,103.854,1.500,NotInQueue,Through
45,1,EB,70,836.7,836.9,2,16.7,2,59.28,132.012,1.800,NotInQueue,Through
45,1,EB,111,838.1,838.3,6,16.94,2,59.28,105.722,1.400,NotInQueue,Through
45,1,EB,74,867.5,868.3,13,68.5,9,57.53,2517.349,29.400,NotInQueue,Through
45,1,EB,76,869.5,869.7,5,18.98,3,57.53,102.742,2.000,NotInQueue,Through
45,1,EB,78,871,871.3,11,29,5,57.53,106.747,1.500,NotInQueue,Through
45,1,EB,80,872.7,873.3,12,55,8,57.53,112.906,1.700,NotInQueue,Through
45,1,EB,82,874.5,874.7,4,16.4,3,57.53,102.875,1.800,NotInQueue,Through
45,1,EB,88,876,876.1,4,16.4,3,57.53,102.877,1.500,NotInQueue,Through
45,1,EB,89,877.4,877.8,11,29,5,57.52,106.854,1.400,NotInQueue,Through
45,1,EB,91,879,879.4,11,29,5,57.52,106.867,1.600,NotInQueue,Through
45,1,EB,93,880.6,880.8,2,16.7,2,57.52,102.867,1.600,NotInQueue,Through
45,1,EB,94,882,882.2,5,18.98,3,57.52,102.866,1.400,NotInQueue,Through
45,1,EB,96,883.4,883.6,6,16.94,2,57.52,102.868,1.400,NotInQueue,Through
45,1,EB,99,884.9,885.1,6,16.94,2,57.52,102.865,1.500,NotInQueue,Through
45,1,EB,100,886.3,886.5,6,16.94,2,57.52,102.865,1.400,NotInQueue,Through
45,1,EB,124,887.7,887.9,5,18.98,3,57.52,102.865,1.400,NotInQueue,Through
45,1,EB,127,889.2,889.3,8,14.78,2,57.52,102.868,1.500,NotInQueue,Through
45,1,EB,141,890.5,890.7,9,15.57,2,57.52,102.865,1.300,NotInQueue,Through
45,1,EB,133,891.9,892.1,8,14.78,2,57.52,102.868,1.400,NotInQueue,Through
45,1,EB,131,893.3,893.5,4,16.4,3,57.52,102.865,1.400,NotInQueue,Through
45,1,EB,147,894.8,894.9,8,14.78,2,57.52,102.866,1.500,NotInQueue,Through
45,1,EB,102,908.6,908.8,9,15.57,2,58.13,1153.204,13.800,NotInQueue,Through
45,1,EB,103,910,910.2,6,16.94,2,58.13,103.875,1.400,NotInQueue,Through
45,1,EB,108,911.4,911.6,9,15.57,2,58.13,103.798,1.400,NotInQueue,Through
45,1,EB,113,912.8,913,1,14.57,2,58.13,103.856,1.400,NotInQueue,Through
45,1,EB,116,914.2,914.4,4,16.4,3,58.13,103.856,1.400,NotInQueue,Through
45,1,EB,159,915.6,915.8,3,16.22,2,58.13,103.854,1.400,NotInQueue,Through
45,1,EB,118,917,917.2,5,18.98,3,58.13,103.854,1.400,NotInQueue,Through
45,1,EB,162,918.5,918.7,7,19.31,3,58.13,103.856,1.500,NotInQueue,Through
45,1,EB,120,919.9,920.1,4,16.4,3,58.13,103.858,1.400,NotInQueue,Through
45,1,EB,122,944,944.2,9,15.57,2,58.13,2040.315,24.100,NotInQueue,Through
45,1,EB,128,945.4,945.7,7,19.31,3,58.13,103.875,1.400,NotInQueue,Through
45,1,EB,134,946.9,947,1,14.57,2,58.13,103.854,1.500,NotInQueue,Through
45,1,EB,137,980.5,981.3,13,68.5,9,57.53,2850.637,33.600,NotInQueue,Through
45,1,EB,139,982.5,982.7,1,14.57,2,57.53,102.742,2.000,NotInQueue,Through
45,1,EB,143,983.9,984.3,11,29,5,57.53,106.907,1.400,NotInQueue,Through
45,1,EB,145,985.6,985.9,11,29,5,57.53,106.875,1.700,NotInQueue,Through
45,1,EB,167,987.1,987.3,6,16.94,2,57.53,102.875,1.500,NotInQueue,Through
45,1,EB,149,988.5,988.7,4,16.4,3,57.53,102.873,1.400,NotInQueue,Through
45,1,EB,151,989.9,990.2,5,18.98,3,57.53,102.873,1.400,NotInQueue,Through
45,1,EB,153,991.4,991.8,11,29,5,57.53,106.879,1.500,NotInQueue,Through
45,1,EB,155,993.1,993.4,11,29,5,57.53,106.875,1.700,NotInQueue,Through
45,1,EB,157,994.6,994.8,4,16.4,3,57.52,102.856,1.500,NotInQueue,Through
45,1,EB,160,996,996.3,5,18.98,3,57.52,102.866,1.400,NotInQueue,Through
45,1,EB,165,997.5,997.7,5,18.98,3,57.52,102.868,1.500,NotInQueue,Through
45,1,EB,169,1014.7,1015,11,29,5,59.33,1433.227,17.200,NotInQueue,Through
45,1,EB,171,1016.7,1016.9,4,16.4,3,59.26,144.734,2.000,NotInQueue,Through
45,1,EB,173,1018.2,1019,13,68.5,9,59.25,115.670,1.500,NotInQueue,Through
45,1,EB,175,1020.2,1020.6,11,29,5,59.25,109.660,2.000,NotInQueue,Through
45,1,EB,181,1021.8,1022,5,18.98,3,59.25,105.660,1.600,NotInQueue,Through
45,1,EB,187,1023.2,1023.5,7,19.31,3,59.25,105.657,1.400,NotInQueue,Through
45,1,EB,195,1024.7,1024.9,5,18.98,3,59.25,105.659,1.500,NotInQueue,Through
45,1,EB,191,1026.1,1026.5,11,29,5,59.25,109.657,1.400,NotInQueue,Through
45,1,EB,202,1027.7,1028.1,11,29,5,59.25,109.660,1.600,NotInQueue,Through
45,1,EB,178,1034.8,1035.4,12,55,8,58.72,580.281,7.100,NotInQueue,Through
45,1,EB,206,1036.6,1036.8,7,19.31,3,58.72,104.680,1.800,NotInQueue,Through
45,1,EB,180,1054.3,1055.1,13,68.5,9,57.53,1501.565,17.700,NotInQueue,Through
45,1,EB,184,1056.3,1056.5,5,18.98,3,57.53,102.742,2.000,NotInQueue,Through
45,1,EB,185,1057.7,1057.9,6,16.94,2,57.53,102.747,1.400,NotInQueue,Through
45,1,EB,188,1059.2,1059.4,7,19.31,3,57.53,102.751,1.500,NotInQueue,Through
45,1,EB,193,1077.4,1078,12,55,8,57.53,1518.198,18.200,NotInQueue,Through
45,1,EB,197,1079.2,1079.4,4,16.4,3,57.53,102.738,1.800,NotInQueue,Through
45,1,EB,199,1080.7,1080.9,3,16.22,2,57.53,102.752,1.500,NotInQueue,Through
45,1,EB,204,1082.1,1082.3,4,16.4,3,57.53,102.753,1.400,NotInQueue,Through
45,1,EB,208,1083.5,1083.7,3,16.22,2,57.53,102.748,1.400,NotInQueue,Through
45,1,EB,228,1084.9,1085.1,5,18.98,3,57.53,102.749,1.400,NotInQueue,Through
45,1,EB,210,1086.3,1086.5,4,16.4,3,57.53,102.754,1.400,NotInQueue,Through
45,1,EB,213,1087.7,1087.9,10,15.53,2,57.53,102.748,1.400,NotInQueue,Through
45,1,EB,214,1107.4,1107.6,4,16.4,3,58.13,1646.814,19.700,NotInQueue,Through
45,1,EB,216,1108.9,1109,3,16.22,2,58.13,103.737,1.500,NotInQueue,Through
45,1,EB,218,1110.3,1110.7,11,29,5,58.13,107.886,1.400,NotInQueue,Through
45,1,EB,220,1111.9,1112,1,14.57,2,58.13,103.856,1.600,NotInQueue,Through
45,1,EB,222,1113.3,1113.5,2,16.7,2,58.13,103.856,1.400,NotInQueue,Through
45,1,EB,224,1114.7,1114.9,2,16.7,2,58.13,103.855,1.400,NotInQueue,Through
45,1,EB,226,1116.1,1116.3,2,16.7,2,58.13,103.855,1.400,NotInQueue,Through
45,1,EB,232,1117.5,1117.7,4,16.4,3,58.13,103.855,1.400,NotInQueue,Through
45,1,EB,236,1118.9,1119.1,7,19.31,3,58.13,103.854,1.400,NotInQueue,Through
45,1,EB,230,1120.4,1120.6,5,18.98,3,58.13,103.854,1.500,NotInQueue,Through
45,1,EB,241,1121.8,1122,3,16.22,2,58.13,103.856,1.400,NotInQueue,Through
45,1,EB,253,1123.2,1123.4,5,18.98,3,58.13,103.854,1.400,NotInQueue,Through
45,1,EB,255,1124.6,1124.8,9,15.57,2,58.13,103.856,1.400,NotInQueue,Through
45,1,EB,257,1126,1126.3,7,19.31,3,58.13,103.856,1.400,NotInQueue,Through
45,1,EB,245,1127.5,1127.7,5,18.98,3,58.13,103.854,1.500,NotInQueue,Through
45,1,EB,234,1145.8,1146,1,14.57,2,58.13,1541.172,18.300,NotInQueue,Through
45,1,EB,238,1147.2,1147.4,7,19.31,3,58.13,103.735,1.400,NotInQueue,Through
45,1,EB,243,1148.7,1149,11,29,5,58.13,107.889,1.500,NotInQueue,Through
45,1,EB,247,1150.2,1150.4,10,15.53,2,58.13,103.856,1.500,NotInQueue,Through
45,1,EB,249,1151.6,1151.8,4,16.4,3,58.13,103.853,1.400,NotInQueue,Through
45,1,EB,275,1153,1153.2,1,14.57,2,58.13,103.854,1.400,NotInQueue,Through
45,1,EB,278,1154.4,1154.6,6,16.94,2,58.13,103.856,1.400,NotInQueue,Through
45,1,EB,262,1155.8,1156.1,7,19.31,3,58.13,103.853,1.400,NotInQueue,Through
45,1,EB,251,1157.3,1157.5,2,16.7,2,58.13,103.854,1.500,NotInQueue,Through
45,1,EB,260,1158.7,1158.9,10,15.53,2,58.13,103.855,1.400,NotInQueue,Through
45,1,EB,281,1160.1,1160.3,2,16.7,2,58.13,103.853,1.400,NotInQueue,Through
45,1,EB,289,1161.5,1161.7,8,14.78,2,58.13,103.855,1.400,NotInQueue,Through
45,1,EB,265,1171.6,1171.9,11,29,5,60.55,847.904,10.100,NotInQueue,Through
45,1,EB,267,1173.2,1173.3,8,14.78,2,60.55,107.633,1.600,NotInQueue,Through
45,1,EB,269,1174.7,1175.4,13,68.5,9,60.56,117.814,1.500,NotInQueue,Through
45,1,EB,290,1176.6,1176.8,6,16.94,2,60.56,107.770,1.900,NotInQueue,Through
45,1,EB,270,1178,1178.3,7,19.31,3,60.56,107.771,1.400,NotInQueue,Through
45,1,EB,293,1179.5,1179.7,4,16.4,3,60.56,107.772,1.500,NotInQueue,Through
45,1,EB,272,1185.5,1185.8,11,29,5,60.55,520.397,6.000,NotInQueue,Through
45,1,EB,273,1187.1,1187.2,4,16.4,3,60.55,107.633,1.600,NotInQueue,Through
45,1,EB,280,1188.5,1188.6,2,16.7,2,60.56,107.815,1.400,NotInQueue,Through
45,1,EB,284,1189.9,1190.1,5,18.98,3,60.56,107.769,1.400,NotInQueue,Through
45,1,EB,312,1191.3,1191.5,2,16.7,2,60.56,107.770,1.400,NotInQueue,Through
45,1,EB,285,1192.7,1192.9,3,16.22,2,60.55,107.757,1.400,NotInQueue,Through
45,1,EB,287,1208.4,1208.6,7,19.31,3,60.66,1376.639,15.700,NotInQueue,Through
45,1,EB,295,1209.8,1210.2,11,29,5,60.66,111.960,1.400,NotInQueue,Through
45,1,EB,297,1211.4,1211.6,4,16.4,3,60.66,107.938,1.600,NotInQueue,Through
45,1,EB,314,1212.8,1213,5,18.98,3,60.66,107.940,1.400,NotInQueue,Through
45,1,EB,299,1214.2,1214.4,6,16.94,2,60.66,107.934,1.400,NotInQueue,Through
45,1,EB,302,1215.6,1216,11,29,5,60.66,111.935,1.400,NotInQueue,Through
45,1,EB,303,1217.2,1217.4,10,15.53,2,60.66,107.938,1.600,NotInQueue,Through
45,1,EB,305,1227,1227.2,7,19.31,3,62.05,857.579,9.800,NotInQueue,Through
45,1,EB,307,1228.4,1228.6,3,16.22,2,62.05,110.034,1.400,NotInQueue,Through
45,1,EB,309,1288.1,1288.8,12,55,8,57.53,5415.956,59.700,NotInQueue,Through
45,1,EB,311,1290,1290.2,8,14.78,2,57.53,102.738,1.900,NotInQueue,Through
45,1,EB,316,1291.4,1291.5,8,14.78,2,57.53,102.751,1.400,NotInQueue,Through
45,1,EB,318,1292.8,1293,6,16.94,2,57.53,102.751,1.400,NotInQueue,Through
45,1,EB,325,1294.2,1294.4,2,16.7,2,57.53,102.748,1.400,NotInQueue,Through
45,1,EB,322,1295.6,1296,11,29,5,57.53,106.909,1.400,NotInQueue,Through
45,1,EB,327,1297.3,1297.6,11,29,5,57.53,106.875,1.700,NotInQueue,Through
45,1,EB,320,1298.9,1299.7,13,68.5,9,57.52,112.856,1.600,NotInQueue,Through
45,1,EB,324,1301,1301.2,4,16.4,3,57.52,102.867,2.100,NotInQueue,Through
45,1,EB,342,1302.4,1302.6,8,14.78,2,57.52,102.866,1.400,NotInQueue,Through
45,1,EB,329,1303.8,1304,4,16.4,3,57.52,102.865,1.400,NotInQueue,Through
45,1,EB,331,1305.2,1305.4,9,15.57,2,57.52,102.866,1.400,NotInQueue,Through
45,1,EB,333,1308.1,1308.3,5,18.98,3,59.28,226.258,2.900,NotInQueue,Through
45,1,EB,335,1309.5,1309.7,4,16.4,3,59.28,105.571,1.400,NotInQueue,Through
45,1,EB,352,1310.9,1311.1,5,18.98,3,59.28,105.737,1.400,NotInQueue,Through
45,1,EB,336,1312.3,1312.5,10,15.53,2,59.28,105.633,1.400,NotInQueue,Through
45,1,EB,338,1319.3,1319.7,11,29,5,59.33,592.978,7.000,NotInQueue,Through
45,1,EB,340,1320.9,1321,10,15.53,2,59.33,105.684,1.600,NotInQueue,Through
45,1,EB,356,1322.3,1322.5,6,16.94,2,59.33,105.693,1.400,NotInQueue,Through
45,1,EB,344,1328.3,1328.6,7,19.31,3,59.28,511.962,6.000,NotInQueue,Through
45,1,EB,346,1329.9,1330.5,12,55,8,59.28,115.725,1.600,NotInQueue,Through
45,1,EB,348,1331.7,1332,5,18.98,3,59.28,105.703,1.800,NotInQueue,Through
45,1,EB,350,1333.2,1333.3,8,14.78,2,59.28,105.704,1.500,NotInQueue,Through
45,1,EB,362,1334.6,1334.8,5,18.98,3,59.28,105.701,1.400,NotInQueue,Through
45,1,EB,371,1336,1336.2,9,15.57,2,59.28,105.704,1.400,NotInQueue,Through
45,1,EB,354,1337.5,1338.1,12,55,8,59.28,115.703,1.500,NotInQueue,Through
45,1,EB,358,1339.4,1339.5,9,15.57,2,59.28,105.703,1.900,NotInQueue,Through
45,1,EB,360,1342.5,1342.6,10,15.53,2,60.66,255.332,3.100,NotInQueue,Through
45,1,EB,363,1343.9,1344,4,16.4,3,60.66,107.857,1.400,NotInQueue,Through
45,1,EB,381,1345.3,1345.4,6,16.94,2,60.66,107.959,1.400,NotInQueue,Through
45,1,EB,365,1350.6,1350.8,3,16.22,2,60.66,457.345,5.300,NotInQueue,Through
45,1,EB,367,1352,1352.2,9,15.57,2,60.66,107.960,1.400,NotInQueue,Through
45,1,EB,369,1371.8,1372,9,15.57,2,59.28,1751.731,19.800,NotInQueue,Through
45,1,EB,373,1373.2,1373.5,5,18.98,3,59.28,105.571,1.400,NotInQueue,Through
45,1,EB,375,1374.7,1374.9,7,19.31,3,59.28,105.586,1.500,NotInQueue,Through
45,1,EB,396,1376.1,1376.3,4,16.4,3,59.28,105.585,1.400,NotInQueue,Through
45,1,EB,377,1377.5,1377.7,5,18.98,3,59.28,105.737,1.400,NotInQueue,Through
45,1,EB,379,1378.9,1379.1,4,16.4,3,59.28,105.704,1.400,NotInQueue,Through
45,1,EB,382,1394.9,1395.1,10,15.53,2,59.28,1372.955,16.000,NotInQueue,Through
45,1,EB,384,1396.3,1396.5,4,16.4,3,59.28,105.572,1.400,NotInQueue,Through
45,1,EB,386,1397.7,1397.9,7,19.31,3,59.28,105.584,1.400,NotInQueue,Through
45,1,EB,388,1399.2,1399.5,11,29,5,59.28,109.737,1.500,NotInQueue,Through
45,1,EB,390,1400.7,1400.9,6,16.94,2,59.28,105.703,1.500,NotInQueue,Through
45,1,EB,398,1402.2,1402.3,3,16.22,2,59.28,105.701,1.500,NotInQueue,Through
45,1,EB,393,1403.6,1403.8,5,18.98,3,59.28,105.702,1.400,NotInQueue,Through
45,1,EB,394,1425.1,1425.7,12,55,8,58.72,1849.833,21.500,NotInQueue,Through
45,1,EB,400,1427,1427.3,11,29,5,58.72,108.820,1.900,NotInQueue,Through
45,1,EB,402,1428.5,1428.7,9,15.57,2,58.72,104.801,1.500,NotInQueue,Through
45,1,EB,404,1429.9,1430.1,4,16.4,3,58.72,104.801,1.400,NotInQueue,Through
45,1,EB,406,1431.4,1432.1,12,55,8,58.72,114.799,1.500,NotInQueue,Through
45,1,EB,409,1433.3,1433.5,7,19.31,3,58.72,104.801,1.900,NotInQueue,Through
45,1,EB,410,1434.7,1434.9,6,16.94,2,58.72,104.799,1.400,NotInQueue,Through
45,1,EB,419,1436.1,1436.3,6,16.94,2,58.72,104.802,1.400,NotInQueue,Through
45,1,EB,413,1437.6,1437.7,8,14.78,2,58.72,104.802,1.500,NotInQueue,Through
45,1,EB,415,1438.9,1439.1,3,16.22,2,58.72,104.802,1.300,NotInQueue,Through
45,1,EB,424,1440.3,1440.5,2,16.7,2,58.72,104.800,1.400,NotInQueue,Through
45,1,EB,426,1441.8,1441.9,8,14.78,2,58.72,104.800,1.500,NotInQueue,Through
45,1,EB,432,1443.1,1443.3,6,16.94,2,58.72,104.802,1.300,NotInQueue,Through
45,1,EB,417,1444.6,1444.8,7,19.31,3,58.72,104.802,1.500,NotInQueue,Through
45,1,EB,421,1461.9,1462,10,15.53,2,59.28,1470.518,17.300,NotInQueue,Through
45,1,EB,423,1463.2,1463.4,8,14.78,2,59.28,105.572,1.300,NotInQueue,Through
45,1,EB,428,1464.6,1464.8,2,16.7,2,59.28,105.740,1.400,NotInQueue,Through
45,1,EB,431,1466,1466.2,8,14.78,2,59.28,105.702,1.400,NotInQueue,Through
45,1,EB,434,1467.4,1467.6,5,18.98,3,59.28,105.704,1.400,NotInQueue,Through
45,1,EB,436,1468.9,1469,3,16.22,2,59.28,105.704,1.500,NotInQueue,Through
45,1,EB,438,1470.3,1470.4,10,15.53,2,59.28,105.706,1.400,NotInQueue,Through
45,1,EB,440,1471.7,1471.8,10,15.53,2,59.28,105.704,1.400,NotInQueue,Through
45,1,EB,442,1473.1,1473.2,4,16.4,3,59.28,105.704,1.400,NotInQueue,Through
